0.733321576894
0.371867725703
0.848963191573
0.378407193005
0.577754147478
0.846696818657
0.371050343985
0.539037204061
0.495850987756
0.940111989248
0.805872853582
0.641081734223
0.969386589195
0.859194141469
0.49883968877
0.162629790228
0.347596105221
0.163125051588
0.681418918184
0.938204603164
0.877551514498
0.701731351386
0.786743018779
0.49212520145
0.472190147704
0.573189580057
0.843354277313
0.578127297872
0.681636444219
0.536045900744
0.933350499597
0.815476015673
0.345123614671
0.436669414424
0.716210118443
0.956897107597
0.452709227641
0.922505848021
0.799453710678
0.452265821654
0.930133274019
0.518622845518
0.476824841803
0.571204519497
0.489940098868
0.821320043638
0.528495168568
0.899896202925
0.866932358501
0.344177411441
