481
192
486
485
277
297
459
385
15
231
145
363
180
74
151
455
176
97
88
42
161
305
25
39
143
49
52
418
341
197
26
373
217
380
372
395
68
426
456
47
397
126
359
244
491
142
169
17
122
184
109
463
316
476
345
248
450
11
127
444
53
237
282
447
436
56
299
446
408
464
79
62
433
474
182
206
289
352
146
193
251
392
148
22
331
38
423
139
466
473
480
96
177
149
207
253
344
64
215
187
267
130
212
374
220
377
399
262
20
46
189
255
147
203
233
266
18
326
422
224
382
428
309
2
274
281
411
367
70
495
324
475
86
245
78
265
219
23
445
125
205
441
162
239
208
31
400
58
0
409
45
461
50
221
110
113
226
246
166
183
430
81
80
104
160
295
69
440
330
336
60
404
435
71
431
390
134
225
106
19
448
54
315
306
14
322
492
273
171
98
452
482
484
354
332
264
284
235
393
443
414
285
300
415
186
471
321
198
5
396
250
85
144
95
489
112
338
1
256
41
457
196
468
391
407
51
222
375
150
107
55
157
323
320
8
190
211
308
494
318
136
449
310
279
304
21
479
348
10
37
249
424
238
269
67
442
155
434
170
257
124
294
210
99
137
242
105
499
311
118
342
156
378
439
128
263
234
167
201
90
258
72
87
483
365
460
115
102
129
172
181
413
353
307
343
465
333
236
40
420
175
301
89
227
410
349
496
319
350
347
103
76
497
252
75
173
168
394
133
121
438
117
100
93
368
376
317
35
32
213
24
229
194
4
371
270
119
283
63
290
288
417
66
287
195
437
44
152
111
9
33
91
7
357
164
240
272
402
30
230
94
387
174
462
61
163
478
458
138
116
487
65
379
141
302
340
223
313
293
214
43
73
191
114
425
454
131
123
278
351
364
34
254
153
432
260
370
291
388
179
419
451
185
202
92
140
216
261
12
28
312
108
493
48
405
204
303
384
188
36
199
83
346
361
403
59
259
412
334
6
275
241
389
243
84
401
271
101
477
472
132
328
247
314
27
82
327
429
296
406
498
453
286
355
366
276
298
16
383
280
398
154
200
362
427
218
337
292
120
470
209
339
159
329
57
381
29
369
3
386
268
13
165
228
469
360
416
467
232
135
335
490
77
325
421
358
158
356
178
488
