0.954156239251
0.344076937743
0.329396558507
0.594230285735
0.716673832469
-0.0379088946801
0.327476401924
0.403334643061
0.449407385734
0.390612124624
0.65309929911
0.95922071473
0.688550237638
0.960713775756
0.452536260793
0.906415409726
0.46694045071
0.693464222772
0.280891977487
0.925212690656
0.265922798605
0.449698093835
0.674169427642
0.543187013025
0.254038840524
0.532450340039
0.29027525153
0.372132242621
0.49296686946
0.932593096706
0.250426317641
0.387996920259
0.259545906578
0.120358159585
0.426866059838
0.920065767093
0.894469662225
0.461436616907
0.71396988017
0.618573966716
0.549757371623
0.911227616179
0.139491014123
0.698392725966
0.782650028179
0.825639772134
0.677509093481
0.947001870594
0.80893166284
0.945576479289
