1.037389,0.534803,0.719308,0.827436,1.000000,0.827980
0.942422,0.337175,0.530552,0.724370,1.000000,0.676639
0.946511,0.784963,0.713972,0.751654,1.000000,0.835918
0.927477,0.572767,0.529368,0.515573,1.000000,0.737731
1.002801,0.740381,0.686192,0.604530,1.000000,0.875269
0.917339,0.726233,0.894340,1.227050,1.227050,0.894340
0.906367,0.555718,0.525669,0.554869,1.000000,0.712771
0.950887,0.659376,0.655443,0.697447,1.000000,0.798603
1.000565,0.725896,0.723733,0.637510,1.000000,0.878839
1.076412,0.805644,0.885525,0.701621,1.000000,1.011548
1.066757,0.361748,0.631253,0.711802,1.000000,0.788356
1.020787,0.472461,0.499190,0.462195,1.000000,0.764756
1.113176,0.173602,0.595026,0.777130,1.000000,0.737885
1.222296,0.435302,0.743148,0.600747,1.000000,0.953556
1.114587,0.524842,0.776921,0.748610,1.000000,0.909232
1.078935,0.662593,0.820700,0.679028,1.000000,0.946686
1.018598,0.397155,0.593525,0.691243,1.000000,0.761006
1.017541,0.736203,0.788289,0.647544,1.000000,0.920339
1.104686,0.382501,0.601320,0.568296,1.000000,0.825112
0.972005,0.704475,0.735992,0.689183,1.000000,0.862118
1.070245,0.583830,0.627623,0.445381,1.000000,0.876453
1.286751,0.047465,0.748528,0.707484,1.000000,0.896076
1.027525,0.749073,0.708030,0.463622,1.000000,0.920088
0.827978,0.680849,0.678943,1.049803,1.049803,0.678943
1.006121,0.972642,0.857569,0.689372,1.011257,0.997160
1.019874,0.713497,0.536783,0.236436,1.000000,0.868553
0.772537,0.773737,0.576603,0.794172,1.000000,0.671824
1.079168,0.476935,0.665411,0.635380,1.000000,0.846151
0.944977,0.603530,0.649097,0.690471,1.000000,0.787126
0.956585,0.662298,0.862353,0.921276,1.049735,0.893577
1.099699,0.286241,0.587096,0.632293,1.000000,0.784190
0.897694,0.710639,0.717344,0.824976,1.000000,0.790991
0.838976,0.757749,0.599735,0.757195,1.000000,0.720864
0.951895,0.712748,0.709857,0.787134,1.000000,0.821011
1.224898,0.598554,0.887810,0.626906,1.000000,1.055878
1.071379,0.591759,0.681863,0.563063,1.000000,0.890145
1.174015,0.366170,0.749705,0.687360,1.000000,0.906990
0.959401,0.459922,0.595809,0.748007,1.000000,0.727644
1.206180,0.452869,0.840564,0.703766,1.000000,0.974409
0.945827,0.750704,0.733821,0.777868,1.000000,0.835403
1.034323,0.546533,0.887352,1.068638,1.073419,0.888377
0.946200,0.514999,0.605830,0.717234,1.000000,0.740226
0.878909,0.614184,0.554528,0.731064,1.000000,0.700304
0.912566,0.515224,0.655486,0.675867,1.001543,0.746606
1.034375,0.547719,0.733423,0.733952,1.000000,0.852148
0.953344,0.772367,0.755753,0.683395,1.000000,0.869427
1.005328,0.612204,0.712554,0.788872,1.000000,0.829543
1.101429,0.318989,0.684010,0.729115,1.000000,0.815040
0.860244,0.571268,0.551567,0.765882,1.000000,0.677706
1.157763,0.393442,0.757652,0.668342,1.000000,0.902414
1.043205,0.491147,0.764386,0.834037,1.000000,0.844036
0.846098,0.645966,0.615955,0.760705,1.000000,0.712252
1.124260,0.396405,0.710029,0.674433,1.000000,0.874032
1.149599,0.600460,0.794685,0.685919,1.000000,0.954392
0.900215,0.612485,0.539264,0.384598,1.000000,0.766043
1.148211,0.424564,0.688029,0.609217,1.000000,0.884380
1.131558,0.662068,0.910987,0.744878,1.000000,1.000905
0.997110,0.605716,0.725506,0.771196,1.000000,0.832596
1.127889,0.304101,0.616277,0.720147,1.000000,0.788354
0.941259,0.458726,0.483028,0.583129,1.000000,0.700124
0.870794,0.519971,0.533928,0.686167,1.000000,0.683082
1.034616,0.597057,0.663641,0.648899,1.000000,0.838492
0.942891,0.590082,0.558983,0.640314,1.000000,0.741962
0.907329,0.860143,0.768988,0.811590,1.000000,0.848894
0.939489,0.503552,0.575491,0.651598,1.000000,0.731078
0.843978,0.685650,0.797859,1.104977,1.116891,0.800466
0.968440,0.734224,0.721910,0.710037,1.000000,0.854795
1.042683,0.504929,0.722928,0.742318,1.000000,0.839931
1.107621,0.620750,0.814009,0.764124,1.000000,0.937642
1.064296,0.405485,0.704749,0.800448,1.000000,0.820311
1.198859,0.357100,0.788130,0.783986,1.000000,0.916275
0.953987,0.604400,0.732448,0.915231,1.000000,0.790469
1.022836,0.408478,0.631610,0.749628,1.000000,0.767801
1.067705,0.435006,0.663227,0.722481,1.000000,0.818854
1.081839,0.547680,0.765078,0.783333,1.000000,0.875032
1.139633,0.482038,0.698650,0.434060,1.000000,0.921915
1.010063,0.582058,0.624416,0.618320,1.000000,0.814421
0.916505,0.517429,0.709164,1.017458,1.019103,0.709513
1.018841,0.541561,0.823217,0.958200,1.000000,0.850347
1.103612,0.196664,0.686456,0.825898,1.000000,0.780803
1.025044,0.617927,0.727232,0.772839,1.000000,0.849058
0.782782,0.889686,0.560391,0.477736,1.000000,0.749309
1.129703,0.219676,0.657384,0.684453,1.000000,0.815691
1.125435,0.496478,0.748312,0.706301,1.000000,0.894842
0.965300,0.616914,0.649910,0.713931,1.000000,0.791631
1.004153,0.327243,0.619422,0.717530,1.000000,0.744928
0.939563,0.562737,0.666442,0.839173,1.000000,0.757248
1.022503,0.468840,0.727735,0.790251,1.000000,0.815493
0.992017,0.671539,0.760971,0.844038,1.000000,0.842726
0.861236,0.751985,0.743705,0.897151,1.008599,0.771296
1.014468,0.566609,0.790764,0.969367,1.000000,0.828447
1.054262,0.406983,0.614087,0.615307,1.000000,0.800528
0.880081,0.709467,0.586414,0.664709,1.000000,0.742185
0.936612,0.656940,0.907733,1.068953,1.117263,0.918917
0.987648,0.469086,0.646797,0.815681,1.000000,0.761104
0.963326,0.376077,0.475187,0.470995,1.000000,0.700465
1.050327,0.458606,0.590550,0.561725,1.000000,0.800246
0.949129,0.708006,0.914523,1.125200,1.129483,0.915434
0.979487,0.418200,0.575675,0.640615,1.000000,0.745792
1.007679,0.516038,0.714854,0.847084,1.000000,0.800952
