1.118442,0.280847,0.691255,0.786310,1.000000,0.815026
0.894161,0.576673,0.701898,0.885530,1.004580,0.734353
1.106853,0.407897,0.686781,0.621736,1.000000,0.848537
0.973629,0.467298,0.700910,0.848295,1.000000,0.764310
0.969160,0.274914,0.685424,0.989246,1.031697,0.695396
0.881372,0.639197,0.744496,1.017449,1.045758,0.750936
1.160311,0.458704,0.740001,0.686363,1.000000,0.909210
1.043447,0.490327,0.705548,0.815430,1.000000,0.822117
1.138629,0.591493,0.813132,0.704944,1.000000,0.952835
0.838651,0.172174,0.605114,1.150248,1.150248,0.605114
0.753228,0.289492,0.626410,1.254726,1.259609,0.627448
0.950099,0.199111,0.508544,0.763171,1.000000,0.619570
0.852523,0.573648,0.648405,0.951571,1.004745,0.661122
0.747631,0.500357,0.415814,0.853732,1.000000,0.518087
0.847702,0.231520,0.405602,0.780660,1.000000,0.528245
0.958099,0.532955,0.663201,0.756233,1.000000,0.766826
0.820588,0.306032,0.483829,1.014032,1.014959,0.484024
0.722128,0.789021,0.691313,0.912670,1.025092,0.656487
0.848770,0.455744,0.321192,0.451783,1.000000,0.580897
0.895845,0.489618,0.441503,0.641843,1.000000,0.640211
1.083540,0.102700,0.584856,0.716743,1.000000,0.713084
0.873196,0.290011,0.302394,0.509387,1.000000,0.547303
0.918479,0.376251,0.500623,0.738318,1.000000,0.646091
1.050969,0.104150,0.516673,0.866324,1.000000,0.632487
1.037387,0.233432,0.558436,0.758504,1.000000,0.691701
0.735348,0.411234,0.446313,0.913312,1.000000,0.494711
0.866003,0.343997,0.383188,0.686391,1.000000,0.546545
0.971073,0.350101,0.583174,0.792518,1.000000,0.698665
0.901542,0.633034,0.608488,0.710406,1.000000,0.741927
0.866479,0.597097,0.517738,0.674240,1.000000,0.679645
0.944986,0.473955,0.642550,0.897256,1.000000,0.714248
0.849787,0.505903,0.557519,0.799964,1.000000,0.655463
0.922560,0.262268,0.577081,0.830014,1.000000,0.636845
1.077776,0.160100,0.788922,1.047253,1.073336,0.794737
0.909301,0.274032,0.491422,0.822992,1.000000,0.593450
0.788173,0.791640,0.596100,0.784894,1.000000,0.691098
0.800068,0.441353,0.504811,0.947268,1.000000,0.549515
0.839419,0.378022,0.441156,0.850963,1.000000,0.549940
0.820009,0.208122,0.591268,1.149117,1.149117,0.591268
0.920072,0.318238,0.592708,1.015898,1.015898,0.592708
0.781015,0.401566,0.430813,0.910597,1.000000,0.495541
0.915242,0.171288,0.378386,0.677478,1.000000,0.560335
0.845600,0.443190,0.434407,0.704694,1.000000,0.597136
0.839413,0.643429,0.533533,0.700594,1.000000,0.678589
0.929407,0.296336,0.401230,0.729208,1.000000,0.571210
1.157089,0.051928,0.494975,0.641165,1.000000,0.708911
1.022812,0.106113,0.575279,0.858931,1.000000,0.667179
0.919113,0.459941,0.481434,0.627405,1.000000,0.679544
1.069488,0.242687,0.483077,0.483776,1.000000,0.732714
1.033810,0.360563,0.577284,0.718202,1.000000,0.733384
1.091781,0.120340,0.640697,0.884758,1.000000,0.713176
0.963042,0.199262,0.409115,0.656507,1.000000,0.595149
0.821022,0.415015,0.348093,0.656420,1.000000,0.542064
0.910931,0.351439,0.432132,0.697110,1.000000,0.604923
0.983274,0.306206,0.493150,0.587721,1.000000,0.689477
0.791279,0.417767,0.298593,0.591144,1.000000,0.514639
0.915182,0.420615,0.508815,0.717162,1.000000,0.662513
0.910851,0.288967,0.421590,0.614872,1.000000,0.606076
0.814705,0.629620,0.623202,0.893118,1.000000,0.670271
0.839523,0.523565,0.612399,0.963680,1.000000,0.645018
0.878474,0.596472,0.614185,0.820678,1.000000,0.707055
0.812410,0.577522,0.517391,0.773527,1.000000,0.631964
0.831818,0.519572,0.596851,0.939508,1.000000,0.628455
0.794292,0.595940,0.592362,0.957936,1.000000,0.628610
0.870017,0.606608,0.613682,0.800544,1.000000,0.708809
0.929585,0.677301,0.687911,0.790069,1.000000,0.788063
0.803019,0.625229,0.496290,0.771770,1.000000,0.630060
0.842370,0.539876,0.568028,0.805210,1.000000,0.657628
0.874371,0.542386,0.676996,0.869854,1.003201,0.714096
0.900168,0.389327,0.483848,0.695835,1.000000,0.640277
0.853706,0.623996,0.597578,0.764880,1.000000,0.703303
0.905008,0.553761,0.677448,0.909694,1.000000,0.726975
0.923062,0.613821,0.659877,0.831333,1.000000,0.755017
0.789942,0.457833,0.393016,0.600719,1.000000,0.569962
0.871856,0.472811,0.592442,0.856131,1.000000,0.665279
0.829716,0.565848,0.486734,0.702024,1.000000,0.638557
0.940407,0.321759,0.608860,0.862685,1.000000,0.677665
1.112047,0.459291,0.843962,0.836093,1.000000,0.913965
0.954870,0.502017,0.752455,1.088620,1.088620,0.752455
0.754220,0.544440,0.428825,0.620647,1.000000,0.584050
0.842488,0.503576,0.561241,0.868626,1.000000,0.641573
0.960475,0.508543,0.599856,0.658815,1.000000,0.754729
0.837743,0.365382,0.516080,0.889563,1.000000,0.585057
0.819182,0.640248,0.698445,1.026945,1.033234,0.699813
0.781511,0.561139,0.436633,0.666986,1.000000,0.587449
0.969443,0.307407,0.573003,0.793744,1.000000,0.687302
0.903179,0.569382,0.621702,0.826664,1.000000,0.717339
0.972472,0.274469,0.476544,0.635436,1.000000,0.655457
0.826611,0.581221,0.554166,0.824618,1.000000,0.648031
0.805677,0.654150,0.502786,0.703793,1.000000,0.648851
0.926816,0.488383,0.623587,0.833654,1.000000,0.711028
0.805257,0.717860,0.586400,0.766815,1.000000,0.680650
0.849961,0.662724,0.649384,0.928855,1.000000,0.697335
0.696208,0.416567,0.305520,0.806901,1.000000,0.422251
0.703894,0.384252,0.432217,0.942291,1.000000,0.472914
0.746638,0.538009,0.411436,0.751340,1.000000,0.540343
0.903778,0.456199,0.610368,0.930067,1.000000,0.665082
0.881143,0.714387,0.628531,0.660771,1.000000,0.763532
0.900917,0.451745,0.511958,0.725861,1.000000,0.658571
0.774603,0.120898,0.364606,0.882465,1.000000,0.432777
