1.163478,0.244032,0.449985,0.373678,1.000000,0.778442
1.257622,0.344272,0.554932,0.452399,1.000000,0.866257
1.115642,0.486674,0.559355,0.557389,1.000000,0.832226
1.170508,0.417457,0.655408,0.591526,1.000000,0.889803
1.024878,0.531323,0.597550,0.589370,1.000000,0.810547
1.205866,0.426432,0.588639,0.429508,1.000000,0.884563
1.298512,0.403091,0.605144,0.344981,1.000000,0.958587
1.301445,0.521873,0.845572,0.576676,1.000000,1.066451
1.295962,-0.084237,0.472169,0.433262,1.000000,0.801474
1.314761,0.067182,0.493375,0.322477,1.000000,0.849489
1.278781,0.057590,0.667296,0.618552,1.000000,0.857745
1.376881,0.042791,0.441271,0.185256,1.000000,0.896977
1.264657,0.493052,0.793611,0.688866,1.000000,0.990898
1.066187,0.447862,0.484327,0.433067,1.000000,0.786601
1.138856,0.525468,0.497935,0.205329,1.000000,0.876750
1.419151,0.181431,0.498949,0.279009,1.000000,0.959762
1.106776,0.461155,0.515921,0.362488,1.000000,0.839396
1.114500,0.358279,0.378020,0.281373,1.000000,0.777004
1.529619,-0.198880,0.723424,0.563735,1.000000,0.963591
1.135384,0.437296,0.746196,0.813194,1.000000,0.869199
1.286231,0.279019,0.553192,0.414596,1.000000,0.917675
1.248279,0.082717,0.502709,0.515248,1.000000,0.798616
1.382013,0.378493,0.831550,0.596641,1.000000,1.065030
1.249484,0.281071,0.645531,0.520213,1.000000,0.913859
1.161289,0.104780,0.426765,0.268599,1.000000,0.746795
1.289201,0.241419,0.642902,0.503359,1.000000,0.916687
1.186803,0.293698,0.549154,0.503020,1.000000,0.823565
1.235100,0.342901,0.646558,0.512207,1.000000,0.896921
1.330553,0.366163,0.749651,0.590621,1.000000,1.010030
1.324388,0.444212,0.794926,0.614931,1.000000,1.035892
1.048932,0.299574,0.423366,0.365226,1.000000,0.711410
1.378269,0.092152,0.578225,0.388224,1.000000,0.915807
1.320696,0.397941,0.641722,0.440779,1.000000,0.971065
1.260001,0.340608,0.676408,0.438020,1.000000,0.934251
1.200274,0.254195,0.568705,0.483349,1.000000,0.831287
1.427167,-0.035889,0.548281,0.240530,1.000000,0.931202
1.390920,0.137967,0.557827,0.343675,1.000000,0.957098
1.321514,0.364985,0.853978,0.750325,1.000000,1.014745
1.257218,0.107173,0.563431,0.429986,1.000000,0.853482
1.463845,-0.198797,0.654234,0.654856,1.000000,0.892329
1.257650,0.522703,0.740446,0.436442,1.000000,1.023322
1.236865,0.389818,0.663279,0.484689,1.000000,0.937329
1.190528,0.284284,0.611128,0.466266,1.000000,0.879065
1.269733,0.356234,0.701443,0.596958,1.000000,0.949852
1.155518,0.171318,0.395927,0.358235,1.000000,0.735562
1.367762,0.320704,0.792411,0.577935,1.000000,1.038525
1.219690,0.176538,0.398060,0.198678,1.000000,0.795721
0.941414,0.391700,0.456366,0.510654,1.000000,0.681993
1.111499,0.386005,0.485867,0.317089,1.000000,0.802931
1.228763,0.373695,0.788374,0.737152,1.000000,0.940282
1.283937,0.197106,0.501165,0.399424,1.000000,0.874174
1.006484,0.361720,0.548067,0.640948,1.000000,0.727307
1.219053,0.356125,0.677254,0.679068,1.000000,0.888341
1.393671,0.325224,0.752682,0.534400,1.000000,1.026031
1.232938,0.212062,0.770666,0.939653,1.000000,0.851188
1.091277,0.415975,0.598894,0.524176,1.000000,0.835872
1.300236,0.036931,0.667331,0.685620,1.000000,0.856076
1.510281,0.026617,0.660179,0.549969,1.000000,0.974431
1.283015,0.348341,0.638195,0.315999,1.000000,0.964326
1.250118,0.314125,0.472623,0.237489,1.000000,0.884958
1.165241,0.071901,0.382087,0.236245,1.000000,0.739195
1.352403,-0.073158,0.512521,0.285631,1.000000,0.850278
1.149995,0.273615,0.384500,0.164917,1.000000,0.779647
1.130969,0.248440,0.434841,0.420609,1.000000,0.758811
1.325081,0.348137,0.489923,0.239872,1.000000,0.955454
1.322138,0.393413,0.653159,0.469053,1.000000,0.968597
1.275425,0.198797,0.660248,0.476818,1.000000,0.917133
1.229832,0.263992,0.506839,0.120321,1.000000,0.898529
1.243935,0.139299,0.536701,0.523686,1.000000,0.810297
1.087006,0.417588,0.576454,0.641749,1.000000,0.796270
1.302642,0.291382,0.809692,0.749358,1.000000,0.977965
1.228739,0.117461,0.407454,0.255215,1.000000,0.783787
1.171096,0.401220,0.639130,0.508730,1.000000,0.888221
1.291769,0.287099,0.711581,0.573368,1.000000,0.944611
1.297076,0.177070,0.522776,0.448275,1.000000,0.843554
1.288462,0.268447,0.710555,0.607990,1.000000,0.937543
1.010676,0.401873,0.573911,0.676182,1.000000,0.742724
1.304164,0.185178,0.616066,0.363521,1.000000,0.926249
1.133982,0.396498,0.590615,0.553504,1.000000,0.837107
1.107557,0.386416,0.546760,0.414631,1.000000,0.827245
1.363306,0.119468,0.701407,0.516469,1.000000,0.960959
1.346014,0.119224,0.676413,0.569547,1.000000,0.926392
1.236967,0.357615,0.701852,0.527363,1.000000,0.939353
1.197443,0.268055,0.496942,0.359780,1.000000,0.840787
1.029145,0.430653,0.554084,0.532192,1.000000,0.781525
1.138173,0.223484,0.461018,0.408390,1.000000,0.753100
1.305045,0.178855,0.684694,0.660107,1.000000,0.885104
1.138263,0.297150,0.504324,0.473776,1.000000,0.782169
1.358452,0.298401,0.719892,0.505428,1.000000,1.005602
1.221826,0.320500,0.676299,0.557520,1.000000,0.914968
1.032413,0.465390,0.505563,0.451940,1.000000,0.776997
1.199171,0.290482,0.695716,0.607796,1.000000,0.891254
1.323523,0.158071,0.602514,0.412879,1.000000,0.913041
1.143555,0.444457,0.550669,0.455886,1.000000,0.848079
1.308155,0.366649,0.583140,0.295131,1.000000,0.951241
1.232480,0.107020,0.597096,0.491011,1.000000,0.853038
1.378351,-0.099226,0.626095,0.536439,1.000000,0.875006
1.099877,0.393431,0.470255,0.309074,1.000000,0.799032
1.285899,0.238425,0.660165,0.493479,1.000000,0.910529
1.331368,0.344311,0.754901,0.561193,1.000000,1.010007
