1.354604,0.046226,0.689995,0.587210,1.000000,0.922481
1.701476,0.458527,0.533127,0.073374,1.000000,1.341974
1.271232,0.005471,0.537502,0.648938,1.000000,0.775733
1.312971,0.009209,0.428511,0.374237,1.000000,0.783974
1.262585,-0.054761,0.396075,0.376783,1.000000,0.725851
1.193063,-0.000895,0.494185,0.555984,1.000000,0.739138
1.060649,0.407965,0.450600,0.349245,1.000000,0.781101
1.553579,0.406735,0.475254,0.089407,1.000000,1.198212
2.185202,-0.020761,0.470763,0.229480,1.000000,1.440395
1.544250,0.545631,0.512930,0.040487,1.000000,1.260137
1.286237,-0.051683,0.308284,0.372331,1.000000,0.680738
1.273803,-0.153125,0.442244,0.554806,1.000000,0.701815
1.057870,0.309615,0.512694,0.608299,1.000000,0.731238
1.086186,0.217528,0.495853,0.590566,1.000000,0.723307
1.227570,0.072730,0.506871,0.474044,1.000000,0.790164
1.037208,0.387286,0.433749,0.414500,1.000000,0.733055
1.009379,0.262757,0.429927,0.613834,1.000000,0.652680
1.036249,0.176860,0.424546,0.489843,1.000000,0.673421
1.339533,-0.212331,0.381255,0.502028,1.000000,0.715264
1.293350,0.280494,0.539583,0.226395,1.000000,0.956377
1.378124,0.216137,0.603711,0.439549,1.000000,0.964362
1.346449,-0.154010,0.557253,0.599840,1.000000,0.804294
0.902848,0.515545,0.471087,0.567682,1.000000,0.670549
1.024153,0.398978,0.496968,0.628648,1.000000,0.721019
1.159153,0.259430,0.572209,0.663980,1.000000,0.785036
1.227968,0.104194,0.511628,0.495508,1.000000,0.804266
1.288753,0.422189,0.607554,0.363420,1.000000,0.970846
1.194710,0.117417,0.420820,0.491044,1.000000,0.731470
1.515386,0.629457,0.569866,0.108008,1.000000,1.304744
1.811809,0.116140,0.507768,0.108564,1.000000,1.267320
1.167794,0.097710,0.398872,0.437131,1.000000,0.704105
1.242209,0.479475,0.775022,0.576050,1.000000,1.006703
1.208514,-0.106379,0.533334,0.790868,1.000000,0.678668
1.090137,0.214767,0.520983,0.637262,1.000000,0.721808
1.069705,0.038973,0.424407,0.628977,1.000000,0.638589
1.119095,0.599492,0.719752,0.688422,1.000000,0.909021
1.061259,0.298023,0.803746,1.022136,1.105281,0.823527
1.188123,0.391874,0.591586,0.500948,1.000000,0.865608
1.263952,0.204028,0.530414,0.399668,1.000000,0.864229
1.197777,0.384296,0.627811,0.408197,1.000000,0.913536
1.504738,0.327463,0.457883,0.153532,1.000000,1.153390
1.207579,0.389324,0.571731,0.345919,1.000000,0.904596
1.178201,-0.103855,0.477002,0.648405,1.000000,0.667006
1.144862,0.022372,0.429101,0.548627,1.000000,0.678641
1.154651,0.405141,0.509037,0.223916,1.000000,0.862669
1.030750,0.550251,0.681831,0.725415,1.000000,0.823382
1.057084,0.371575,0.470425,0.486433,1.000000,0.738900
1.104217,0.261888,0.496961,0.537232,1.000000,0.751637
1.303502,0.354633,0.696246,0.472526,1.000000,0.977374
1.447051,0.115611,0.763582,0.603265,1.000000,1.005673
1.279495,-0.052921,0.535631,0.632101,1.000000,0.781150
1.271091,0.217768,0.446329,0.271614,1.000000,0.851599
1.439118,0.194027,0.681627,0.455370,1.000000,1.007920
0.996914,0.215650,0.436532,0.539455,1.000000,0.656326
1.358766,0.001021,0.579018,0.599483,1.000000,0.848822
1.325426,-0.240556,0.479503,0.575999,1.000000,0.725561
1.466683,-0.070448,0.618393,0.402665,1.000000,0.949980
1.109316,0.104820,0.446339,0.529419,1.000000,0.686149
1.237359,0.185360,0.464665,0.380082,1.000000,0.816117
1.289385,0.394333,0.649870,0.531372,1.000000,0.939658
1.184351,0.593926,0.679514,0.345260,1.000000,0.993475
1.562961,-0.096007,0.697975,0.523662,1.000000,0.965171
1.423839,0.217581,0.549461,0.244681,1.000000,1.005829
1.375745,0.228634,0.633761,0.430928,1.000000,0.960578
1.103707,0.209032,0.570993,0.651617,1.000000,0.759189
1.208004,0.061009,0.287476,0.352906,1.000000,0.680345
1.292963,0.090968,0.524349,0.420876,1.000000,0.860330
1.151606,0.065246,0.458517,0.557571,1.000000,0.710625
1.091507,0.343611,0.645631,0.661981,1.000000,0.808194
1.462535,0.161604,0.571831,0.384422,1.000000,1.005658
1.326903,-0.116877,0.555525,0.614784,1.000000,0.782618
1.052355,0.653213,0.528189,0.228073,1.000000,0.870654
1.414807,0.040904,0.575258,0.381329,1.000000,0.924693
1.062986,0.323518,0.530618,0.636415,1.000000,0.740356
1.067271,0.108282,0.482198,0.657304,1.000000,0.672975
1.934154,0.004791,0.455136,0.239976,1.000000,1.284905
0.990816,0.508745,0.566761,0.668390,1.000000,0.754047
1.106741,0.369762,0.589352,0.532990,1.000000,0.816612
1.339204,0.368056,0.630573,0.420048,1.000000,0.986022
1.069038,0.182660,0.564983,0.744583,1.000000,0.704515
0.932242,0.285872,0.429765,0.711546,1.000000,0.603646
1.400383,-0.150292,0.540237,0.520976,1.000000,0.824931
1.088584,0.474126,0.679120,0.719416,1.000000,0.836240
1.316351,0.176277,0.666741,0.630834,1.000000,0.910243
0.880734,0.485130,0.432069,0.622179,1.000000,0.640411
1.321108,0.454695,0.616426,0.328792,1.000000,1.018108
1.303092,-0.068007,0.536886,0.590216,1.000000,0.787648
1.001269,0.368482,0.491131,0.623297,1.000000,0.699460
1.146292,0.219234,0.470489,0.406243,1.000000,0.771548
1.402425,0.094694,0.603354,0.470637,1.000000,0.909261
1.214997,0.129328,0.594241,0.733611,1.000000,0.784057
1.358588,-0.123223,0.270223,0.328738,1.000000,0.721246
1.349888,0.158630,0.761677,0.627709,1.000000,0.973979
1.105158,0.114878,0.382805,0.407637,1.000000,0.689694
1.273336,0.376815,0.549956,0.256921,1.000000,0.950204
1.103032,0.286086,0.533814,0.553513,1.000000,0.764178
1.014844,0.433462,0.495216,0.608717,1.000000,0.724757
1.518103,-0.037336,0.410178,0.282160,1.000000,0.908592
1.075355,0.175059,0.475707,0.572471,1.000000,0.702844
1.150589,0.325931,0.464341,0.459014,1.000000,0.781735
