1.248285,-0.291364,0.274880,0.689524,1.000000,0.524602
0.946757,0.214483,0.377851,0.666097,1.000000,0.547383
1.047700,-0.203356,0.227734,0.648396,1.000000,0.442993
0.454632,0.595691,0.209871,0.828454,1.000000,0.295894
1.014836,-0.201088,0.321056,0.828116,1.000000,0.456190
0.794332,0.191236,0.277612,0.766878,1.000000,0.424807
1.797337,-0.152687,0.638327,0.638606,1.000000,0.990234
0.369293,0.599486,0.097782,0.833053,1.000000,0.192006
0.739836,0.022789,0.194827,0.855414,1.000000,0.309402
0.890010,-0.015645,0.172703,0.712986,1.000000,0.357724
0.912872,-0.091051,0.252228,0.860839,1.000000,0.384910
1.174828,-0.305581,0.241481,0.875834,1.000000,0.369844
0.600282,0.109046,0.090763,0.841566,1.000000,0.190524
1.279567,-0.029039,0.652084,0.943628,1.000000,0.750261
1.518497,-0.027621,0.575719,0.535432,1.000000,0.877744
1.560888,-0.026369,0.678433,0.588898,1.000000,1.024914
0.957611,0.111233,0.283617,0.603670,1.000000,0.494910
1.558454,-0.212039,0.409778,0.369553,1.000000,0.862923
1.256318,-0.477726,0.188655,0.724146,1.000000,0.427906
0.509953,0.422889,0.193675,0.858946,1.000000,0.278548
1.181354,-0.053194,0.353782,0.728492,1.000000,0.600125
1.229067,-0.245392,0.300436,0.817960,1.000000,0.485644
1.196881,-0.211846,0.271458,0.729820,1.000000,0.470797
0.782679,0.203625,0.304324,0.787275,1.000000,0.429009
1.268082,-0.121586,0.340243,0.636662,1.000000,0.601644
0.556569,0.227422,0.100884,0.775522,1.000000,0.226376
1.095673,-0.282904,0.367791,0.903068,1.000000,0.457368
0.867184,-0.016059,0.244415,0.808657,1.000000,0.387125
1.508244,-0.129915,0.572208,0.612703,1.000000,0.837688
0.785086,0.156730,0.190018,0.754315,1.000000,0.362771
0.531904,0.537271,0.184877,0.859160,1.000000,0.280958
1.602270,-0.527951,0.368649,0.634313,1.000000,0.722411
0.909991,-0.001499,0.245217,0.843211,1.000000,0.396761
0.900468,0.027117,0.321875,0.858774,1.000000,0.444120
1.026945,-0.206117,0.488448,1.046808,1.055785,0.490409
0.856135,-0.025178,0.175145,0.717356,1.000000,0.352095
1.288765,-0.333170,0.285036,0.727387,1.000000,0.529824
1.371387,0.072628,0.413602,0.553311,1.000000,0.783671
0.531810,0.567356,0.269117,0.850351,1.000000,0.352052
1.632453,-0.357267,0.584623,0.629493,1.000000,0.840618
1.298809,-0.081055,0.398226,0.716247,1.000000,0.615497
0.429599,0.581882,0.166369,0.877786,1.000000,0.243010
1.024594,0.008933,0.409782,0.724381,1.000000,0.581021
0.719708,0.252004,0.440983,1.235888,1.235888,0.440983
1.867606,-0.253626,0.581271,0.410375,1.000000,1.032924
0.946451,-0.038864,0.280706,0.887645,1.000000,0.419189
1.039010,-0.169859,0.224850,0.721492,1.000000,0.427847
0.779945,0.243222,0.261858,0.805647,1.000000,0.419283
0.990285,-0.140828,0.224712,0.787408,1.000000,0.376469
0.898208,-0.271852,0.096645,0.795565,1.000000,0.239973
1.252821,0.019314,0.459377,0.765522,1.000000,0.710267
1.063532,-0.234260,0.207405,0.421010,1.000000,0.476018
1.431848,-0.213787,0.474739,0.510203,1.000000,0.789292
0.417894,0.516732,0.113084,0.821382,1.000000,0.208882
1.008157,0.116085,0.411689,0.681139,1.000000,0.597524
1.507104,-0.211458,0.248287,0.524622,1.000000,0.741042
0.428105,0.647656,0.180150,0.887656,1.000000,0.253303
1.003196,-0.109076,0.227818,0.654381,1.000000,0.466962
0.896045,-0.070209,0.464646,1.248154,1.248154,0.464646
1.447765,-0.152913,0.412005,0.591157,1.000000,0.779508
0.382930,0.961510,0.451529,1.172769,1.172769,0.451529
1.012197,-0.103079,0.486734,1.091022,1.095510,0.487688
0.837283,0.096738,0.178745,0.595732,1.000000,0.410859
1.228474,0.043002,0.439439,0.639539,1.000000,0.693019
1.686130,-0.200151,0.521041,0.570964,1.000000,0.769728
1.047189,-0.197830,0.288541,0.869951,1.000000,0.426776
0.941864,-0.148408,0.144909,0.637090,1.000000,0.376487
0.804455,0.082775,0.166941,0.699850,1.000000,0.359587
1.451916,-0.325364,0.531898,0.608517,1.000000,0.783051
0.700830,-0.018784,0.112305,0.745437,1.000000,0.260616
1.350661,0.014243,0.635533,0.833964,1.000000,0.791810
0.494536,0.436687,0.184097,0.902699,1.000000,0.252377
1.011629,-0.011709,0.157749,0.399256,1.000000,0.497703
1.469990,-0.045999,0.513678,0.478758,1.000000,0.848448
0.844697,-0.009231,0.176981,0.741075,1.000000,0.343814
1.131969,-0.338359,0.259619,0.716353,1.000000,0.463519
1.207454,0.020158,0.459761,0.732385,1.000000,0.677284
1.131358,-0.032494,0.370561,0.780584,1.000000,0.569352
0.987395,-0.150455,0.305776,0.945431,1.000000,0.396723
0.277413,0.712762,0.081073,0.845117,1.000000,0.161622
1.255334,-0.236051,0.503215,0.947413,1.000000,0.627223
0.893610,-0.413293,0.161315,0.817737,1.000000,0.277160
0.616699,0.674361,0.390447,0.823798,1.000000,0.479434
1.754268,-0.022960,0.523834,0.372475,1.000000,1.084985
1.126726,-0.288560,0.234565,0.732677,1.000000,0.438718
0.695644,0.168921,0.248377,0.789994,1.000000,0.360905
0.889914,0.059488,0.255933,0.860165,1.000000,0.405292
0.756250,0.151166,0.212201,0.780099,1.000000,0.354532
1.617629,-0.292804,0.601766,0.614145,1.000000,0.850507
0.841555,0.026328,0.387745,0.882198,1.000000,0.462248
0.879730,-0.054380,0.224928,0.901877,1.000000,0.344125
1.021714,-0.226092,0.210246,0.576405,1.000000,0.462687
1.451539,-0.309614,0.400648,0.717758,1.000000,0.697361
0.441775,0.579934,0.175657,0.868682,1.000000,0.255292
0.358747,0.630086,0.139313,0.866950,1.000000,0.213015
0.912158,0.077395,0.235695,0.603290,1.000000,0.472739
0.281244,0.808395,0.142083,0.914856,1.000000,0.193075
0.393132,0.552511,0.125471,0.871497,1.000000,0.203161
1.014025,0.054248,0.282874,0.835798,1.000000,0.446408
0.626194,0.373061,0.519383,1.315221,1.315221,0.519383
