1.037389,0.534803,0.719308,0.827436,1.000000,0.827980
0.942422,0.337175,0.530552,0.724370,1.000000,0.676639
0.946511,0.784963,0.713972,0.751654,1.000000,0.835918
0.927477,0.572767,0.529368,0.515573,1.000000,0.737731
1.002801,0.740381,0.686192,0.604530,1.000000,0.875269
0.917339,0.726233,0.894340,1.227050,1.227050,0.894340
0.906367,0.555718,0.525669,0.554869,1.000000,0.712771
0.950887,0.659376,0.655443,0.697447,1.000000,0.798603
1.000565,0.725896,0.723733,0.637510,1.000000,0.878839
1.076412,0.805644,0.885525,0.701621,1.000000,1.011548
1.066757,0.361748,0.631253,0.711802,1.000000,0.788356
1.020787,0.472461,0.499190,0.462195,1.000000,0.764756
1.113176,0.173602,0.595026,0.777130,1.000000,0.737885
1.222296,0.435302,0.743148,0.600747,1.000000,0.953556
1.114587,0.524842,0.776921,0.748610,1.000000,0.909232
1.078935,0.662593,0.820700,0.679028,1.000000,0.946686
1.018598,0.397155,0.593525,0.691243,1.000000,0.761006
1.017541,0.736203,0.788289,0.647544,1.000000,0.920339
1.104686,0.382501,0.601320,0.568296,1.000000,0.825112
0.972005,0.704475,0.735992,0.689183,1.000000,0.862118
1.070245,0.583830,0.627623,0.445381,1.000000,0.876453
1.286751,0.047465,0.748528,0.707484,1.000000,0.896076
1.027525,0.749073,0.708030,0.463622,1.000000,0.920088
0.827978,0.680849,0.678943,1.049803,1.049803,0.678943
1.006121,0.972642,0.857569,0.689372,1.011257,0.997160
1.019874,0.713497,0.536783,0.236436,1.000000,0.868553
0.772537,0.773737,0.576603,0.794172,1.000000,0.671824
1.079168,0.476935,0.665411,0.635380,1.000000,0.846151
0.944977,0.603530,0.649097,0.690471,1.000000,0.787126
0.956585,0.662298,0.862353,0.921276,1.049735,0.893577
1.099699,0.286241,0.587096,0.632293,1.000000,0.784190
0.897694,0.710639,0.717344,0.824976,1.000000,0.790991
0.838976,0.757749,0.599735,0.757195,1.000000,0.720864
0.951895,0.712748,0.709857,0.787134,1.000000,0.821011
1.224898,0.598554,0.887810,0.626906,1.000000,1.055878
1.071379,0.591759,0.681863,0.563063,1.000000,0.890145
1.174015,0.366170,0.749705,0.687360,1.000000,0.906990
0.959401,0.459922,0.595809,0.748007,1.000000,0.727644
1.206180,0.452869,0.840564,0.703766,1.000000,0.974409
0.945827,0.750704,0.733821,0.777868,1.000000,0.835403
1.034323,0.546533,0.887352,1.068638,1.073419,0.888377
0.946200,0.514999,0.605830,0.717234,1.000000,0.740226
0.878909,0.614184,0.554528,0.731064,1.000000,0.700304
0.912566,0.515224,0.655486,0.675867,1.001543,0.746606
1.034375,0.547719,0.733423,0.733952,1.000000,0.852148
0.953344,0.772367,0.755753,0.683395,1.000000,0.869427
1.005328,0.612204,0.712554,0.788872,1.000000,0.829543
1.101429,0.318989,0.684010,0.729115,1.000000,0.815040
0.860244,0.571268,0.551567,0.765882,1.000000,0.677706
1.157763,0.393442,0.757652,0.668342,1.000000,0.902414
1.043205,0.491147,0.764386,0.834037,1.000000,0.844036
0.846098,0.645966,0.615955,0.760705,1.000000,0.712252
1.124260,0.396405,0.710029,0.674433,1.000000,0.874032
1.149599,0.600460,0.794685,0.685919,1.000000,0.954392
0.900215,0.612485,0.539264,0.384598,1.000000,0.766043
1.148211,0.424564,0.688029,0.609217,1.000000,0.884380
1.131558,0.662068,0.910987,0.744878,1.000000,1.000905
0.997110,0.605716,0.725506,0.771196,1.000000,0.832596
1.127889,0.304101,0.616277,0.720147,1.000000,0.788354
0.941259,0.458726,0.483028,0.583129,1.000000,0.700124
0.870794,0.519971,0.533928,0.686167,1.000000,0.683082
1.034616,0.597057,0.663641,0.648899,1.000000,0.838492
0.942891,0.590082,0.558983,0.640314,1.000000,0.741962
0.907329,0.860143,0.768988,0.811590,1.000000,0.848894
0.939489,0.503552,0.575491,0.651598,1.000000,0.731078
0.843978,0.685650,0.797859,1.104977,1.116891,0.800466
0.968440,0.734224,0.721910,0.710037,1.000000,0.854795
1.042683,0.504929,0.722928,0.742318,1.000000,0.839931
1.107621,0.620750,0.814009,0.764124,1.000000,0.937642
1.064296,0.405485,0.704749,0.800448,1.000000,0.820311
1.198859,0.357100,0.788130,0.783986,1.000000,0.916275
0.953987,0.604400,0.732448,0.915231,1.000000,0.790469
1.022836,0.408478,0.631610,0.749628,1.000000,0.767801
1.067705,0.435006,0.663227,0.722481,1.000000,0.818854
1.081839,0.547680,0.765078,0.783333,1.000000,0.875032
1.139633,0.482038,0.698650,0.434060,1.000000,0.921915
1.010063,0.582058,0.624416,0.618320,1.000000,0.814421
0.916505,0.517429,0.709164,1.017458,1.019103,0.709513
1.018841,0.541561,0.823217,0.958200,1.000000,0.850347
1.103612,0.196664,0.686456,0.825898,1.000000,0.780803
1.248285,-0.291364,0.274880,0.689524,1.000000,0.524602
0.946757,0.214483,0.377851,0.666097,1.000000,0.547383
1.047700,-0.203356,0.227734,0.648396,1.000000,0.442993
0.454632,0.595691,0.209871,0.828454,1.000000,0.295894
1.014836,-0.201088,0.321056,0.828116,1.000000,0.456190
0.794332,0.191236,0.277612,0.766878,1.000000,0.424807
1.797337,-0.152687,0.638327,0.638606,1.000000,0.990234
0.369293,0.599486,0.097782,0.833053,1.000000,0.192006
0.739836,0.022789,0.194827,0.855414,1.000000,0.309402
0.890010,-0.015645,0.172703,0.712986,1.000000,0.357724
0.912872,-0.091051,0.252228,0.860839,1.000000,0.384910
1.174828,-0.305581,0.241481,0.875834,1.000000,0.369844
0.600282,0.109046,0.090763,0.841566,1.000000,0.190524
1.279567,-0.029039,0.652084,0.943628,1.000000,0.750261
1.518497,-0.027621,0.575719,0.535432,1.000000,0.877744
1.560888,-0.026369,0.678433,0.588898,1.000000,1.024914
0.957611,0.111233,0.283617,0.603670,1.000000,0.494910
1.558454,-0.212039,0.409778,0.369553,1.000000,0.862923
1.256318,-0.477726,0.188655,0.724146,1.000000,0.427906
0.509953,0.422889,0.193675,0.858946,1.000000,0.278548
1.181354,-0.053194,0.353782,0.728492,1.000000,0.600125
1.229067,-0.245392,0.300436,0.817960,1.000000,0.485644
1.196881,-0.211846,0.271458,0.729820,1.000000,0.470797
0.782679,0.203625,0.304324,0.787275,1.000000,0.429009
1.268082,-0.121586,0.340243,0.636662,1.000000,0.601644
0.556569,0.227422,0.100884,0.775522,1.000000,0.226376
1.095673,-0.282904,0.367791,0.903068,1.000000,0.457368
0.867184,-0.016059,0.244415,0.808657,1.000000,0.387125
1.508244,-0.129915,0.572208,0.612703,1.000000,0.837688
0.785086,0.156730,0.190018,0.754315,1.000000,0.362771
0.531904,0.537271,0.184877,0.859160,1.000000,0.280958
1.602270,-0.527951,0.368649,0.634313,1.000000,0.722411
0.909991,-0.001499,0.245217,0.843211,1.000000,0.396761
0.900468,0.027117,0.321875,0.858774,1.000000,0.444120
1.026945,-0.206117,0.488448,1.046808,1.055785,0.490409
0.856135,-0.025178,0.175145,0.717356,1.000000,0.352095
1.288765,-0.333170,0.285036,0.727387,1.000000,0.529824
1.371387,0.072628,0.413602,0.553311,1.000000,0.783671
0.531810,0.567356,0.269117,0.850351,1.000000,0.352052
1.632453,-0.357267,0.584623,0.629493,1.000000,0.840618
1.298809,-0.081055,0.398226,0.716247,1.000000,0.615497
0.429599,0.581882,0.166369,0.877786,1.000000,0.243010
1.024594,0.008933,0.409782,0.724381,1.000000,0.581021
0.719708,0.252004,0.440983,1.235888,1.235888,0.440983
1.867606,-0.253626,0.581271,0.410375,1.000000,1.032924
0.946451,-0.038864,0.280706,0.887645,1.000000,0.419189
1.039010,-0.169859,0.224850,0.721492,1.000000,0.427847
0.779945,0.243222,0.261858,0.805647,1.000000,0.419283
0.990285,-0.140828,0.224712,0.787408,1.000000,0.376469
0.898208,-0.271852,0.096645,0.795565,1.000000,0.239973
1.252821,0.019314,0.459377,0.765522,1.000000,0.710267
1.063532,-0.234260,0.207405,0.421010,1.000000,0.476018
1.431848,-0.213787,0.474739,0.510203,1.000000,0.789292
0.417894,0.516732,0.113084,0.821382,1.000000,0.208882
1.008157,0.116085,0.411689,0.681139,1.000000,0.597524
1.507104,-0.211458,0.248287,0.524622,1.000000,0.741042
0.428105,0.647656,0.180150,0.887656,1.000000,0.253303
1.003196,-0.109076,0.227818,0.654381,1.000000,0.466962
0.896045,-0.070209,0.464646,1.248154,1.248154,0.464646
1.447765,-0.152913,0.412005,0.591157,1.000000,0.779508
0.382930,0.961510,0.451529,1.172769,1.172769,0.451529
1.012197,-0.103079,0.486734,1.091022,1.095510,0.487688
0.837283,0.096738,0.178745,0.595732,1.000000,0.410859
1.228474,0.043002,0.439439,0.639539,1.000000,0.693019
1.686130,-0.200151,0.521041,0.570964,1.000000,0.769728
1.047189,-0.197830,0.288541,0.869951,1.000000,0.426776
0.941864,-0.148408,0.144909,0.637090,1.000000,0.376487
0.804455,0.082775,0.166941,0.699850,1.000000,0.359587
1.451916,-0.325364,0.531898,0.608517,1.000000,0.783051
0.700830,-0.018784,0.112305,0.745437,1.000000,0.260616
1.350661,0.014243,0.635533,0.833964,1.000000,0.791810
0.494536,0.436687,0.184097,0.902699,1.000000,0.252377
1.011629,-0.011709,0.157749,0.399256,1.000000,0.497703
1.469990,-0.045999,0.513678,0.478758,1.000000,0.848448
0.844697,-0.009231,0.176981,0.741075,1.000000,0.343814
1.131969,-0.338359,0.259619,0.716353,1.000000,0.463519
1.207454,0.020158,0.459761,0.732385,1.000000,0.677284
1.131358,-0.032494,0.370561,0.780584,1.000000,0.569352
0.987395,-0.150455,0.305776,0.945431,1.000000,0.396723
0.277413,0.712762,0.081073,0.845117,1.000000,0.161622